[
  [  ,  ,  ,  ,  ,  ,  ,  ,  ,  ,  ,  ,  ,  ,  ,  ,  ,40,  ,  ,  ,  ,  ,  ,  ,  ,  ,  ,  ,  ,  ,  ,  ,  ,  ,  ,  ,  ,  ,  ,  ,  ,  ,  ,  ,  ,  ,  ,  ,  ,  ,  ,  ,  ,  ,  ,  ,  ,  ,  ,  ,  ,  ,  ,  ,  ,  ,  ,  ,  ,  ,  ,  ,  ,  ,  ,  ,  ,  ,  ,  ,  ,  ,  ,  ,  ,  ,  ,  ,  ,  ,  ,  ,  ,  ,  ,  ,  ,  ,  ,  ,  ,  ,  ,  ,  ,  ,  ,  ,  ,  ,  ,  ,  ,  ,  ,  ,  ,  ,  ,  ,  ,  ,  ,  ,  ,  ,  ,  ,  ,  ,  ,  ,  ,  ,  ,  ,  ,  ,  ,  ,  ,],
  [  ,  ,  ,  ,  ,  ,  ,  ,  ,  ,  ,  ,  ,  ,  ,  , 2, 3,  ,  ,  ,  ,  ,  ,  ,  ,  ,  ,  ,  ,  ,  ,  ,  ,  ,  ,  ,  ,  ,  ,  ,  ,  ,  ,  ,  ,  ,  ,  ,  ,  ,  ,  ,  ,  ,  ,  ,  ,  ,  ,  ,  ,  ,  ,  ,  ,  ,  ,  ,  ,  ,  ,  ,  ,  ,  ,  ,  ,  ,  ,  ,  ,  ,  ,  ,  ,  ,  ,  ,  ,  ,  ,  ,  ,  ,  ,  ,  ,  ,  ,  ,  ,  ,  ,  ,  ,  ,  ,  ,  ,  ,  ,  ,  ,  ,  ,  ,  ,  ,  ,  ,  ,  ,  ,  ,  ,  ,  ,  ,  ,  ,  ,  ,  ,  ,  ,  ,  ,  ,  ,  ,  ,],
  [  ,  ,  ,  ,  ,  ,  ,  ,  ,  ,  ,  ,  ,  ,  ,  ,  ,  ,  ,  ,  ,  ,  ,  ,  ,  ,  ,  ,  ,  ,  ,  ,  ,  ,  ,  ,  ,  ,  ,  ,  ,  ,  ,  ,  ,  ,  ,  ,  ,  ,  ,  ,  ,  ,  ,  ,  ,  ,  ,  ,  ,  ,  ,  ,  ,  ,  ,  ,  ,  ,  ,  ,  ,  ,  ,  ,  ,  ,  ,  ,  ,  ,  ,  ,  ,  ,  ,  ,  ,  ,  ,  ,  ,  ,  ,  ,  ,  ,  ,  ,  ,  ,  ,  ,  ,  ,  ,  ,  ,  ,  ,  ,  ,  ,  ,  ,  ,  ,  , 9,30,  ,  ,  ,  ,  ,  ,  ,  ,  ,  ,  ,  ,  ,  ,  ,  ,  ,  ,  ,  ,  ,],
  [  ,  ,  ,  ,  ,  ,  ,  ,  ,  ,  , 9, 4, 5,  ,20,  ,  ,  ,  ,  ,  ,  ,  ,  ,  , 9,  ,  ,  ,  ,20,  ,  ,  ,  ,  ,  ,  ,  ,  ,  ,  ,  ,  ,  ,  ,  ,  ,  ,  ,  ,  ,  ,  ,  ,  ,  ,  ,  ,  ,  ,  ,  ,  ,  ,  ,  ,  ,  ,  ,  ,  ,  ,  ,  ,  ,  ,  ,  ,  ,  ,  ,  ,  ,  ,  ,  ,  ,  ,  ,  ,  ,  ,  ,  ,  ,  ,  ,  ,  ,  ,  ,  ,  ,  ,  ,  ,  ,  ,  ,  ,  ,  ,  ,  ,  ,  , 4, 1, 1,  ,  ,  ,  ,  ,  ,  ,  ,  ,  ,  ,  ,  ,  ,  ,  ,  ,  ,  ,  ,  ,],
  [  ,  ,  ,  ,  ,  ,  ,  ,  ,  , 4, 1, 7, 8, 1, 1, 5,  ,20, 4, 1, 3,  ,  ,  , 2, 3,  ,  ,  , 2, 1, 3,  ,  ,  ,  ,  ,  ,  ,  ,  ,  ,  ,  ,  ,  ,  ,  ,  ,  ,  ,  ,  ,  ,  ,  ,  ,  ,  ,  ,  ,  ,  ,  ,  ,  ,  ,  ,  ,  ,  ,  ,  ,  ,  ,  ,  ,  ,  ,  ,  ,  ,  ,  ,  ,  ,  ,  ,  ,  ,  ,  ,  ,  ,  ,  ,  ,  ,  ,  ,  ,  ,  ,  ,  ,  ,  ,  ,  ,  ,  ,  ,  ,  ,  ,  ,  , 7, 6, 6, 5,30,  ,  ,  ,  ,  ,  ,  ,  ,  ,  ,  ,  ,  ,  ,  ,  ,  ,  ,  ,],
  [  ,  ,  ,  ,  ,  ,  ,  ,  , 2, 7, 6, 6, 6, 6, 6, 8, 1, 1, 7, 6,  ,  ,  ,  ,  ,  ,  ,  ,  ,  ,  ,  ,  ,  ,  ,  , 9,  ,  ,  ,  ,  ,  ,  ,  ,  ,  ,  ,  ,  ,  ,  ,  ,  ,  ,  ,  ,  ,  ,  ,  ,  ,  ,  ,  ,  ,  ,  ,  ,  ,  ,  ,  ,  ,  ,  ,  ,  ,  ,  ,  ,  ,  ,  ,  ,  ,  ,  ,  ,  ,  ,  ,  ,  ,  ,  ,  ,  ,  ,  ,  ,  ,  ,  ,  ,  ,  ,  ,  ,  ,  ,  ,  ,  ,  ,  , 4, 7, 6, 6, 8, 1, 5,  ,  ,  ,  ,  ,  ,  ,  ,  ,  ,  ,  ,  ,  ,  ,  ,  ,  ,],
  [  ,  ,  ,  ,  ,  ,  ,  ,  ,  ,  ,  ,  ,  ,  ,  ,  ,  ,  ,  ,  ,  ,  ,  ,  ,  ,  ,  ,  ,  ,  ,  ,  ,  , 2, 1, 1, 1, 1, 3,  ,  ,  ,  ,  ,  ,  ,  ,  ,  ,  ,  ,  ,  ,  ,  ,  ,  ,  ,  ,  ,  ,  ,  ,  ,  ,  ,  ,  ,  ,  ,  ,  ,  ,  ,  ,  ,  ,  ,  ,  ,  ,  ,  ,  ,  ,  ,  ,  ,  ,  ,  ,  ,  ,  ,  ,  ,  ,  ,  ,  ,  ,  ,  ,  ,  ,  ,  ,  ,  ,  ,  ,  ,  ,  ,40, 4, 7, 6, 6, 6, 6, 6, 8,  ,  ,  ,  ,  ,  ,  ,  ,  ,  ,  ,  ,  ,  ,  ,  ,  ,  ,],
  [  ,  ,  ,  ,  ,  ,  ,  ,  ,  ,  ,  ,  ,  ,  ,  ,  ,  ,  ,  ,  ,  ,  ,  ,  ,  ,  ,  ,  ,  ,  ,  ,  ,  ,  ,  ,  ,  ,  ,  ,  ,  ,  , 9,  ,  ,  ,  ,40,  , 9, 9, 9,  ,  ,  ,  ,  ,  ,  ,  ,  ,  , 9,  ,  ,  ,  ,  ,  ,  ,  ,  ,  ,  ,  ,  ,  ,  ,  ,  ,  ,  ,  ,  ,  ,  ,  ,  ,  ,  ,  ,  ,  ,  ,  ,  ,  ,  ,  ,  ,  ,  ,  ,  ,  ,  ,  ,  ,  ,  ,  , 9,30, 4, 1, 7, 6, 6, 6, 6, 6, 6, 8, 5,  ,  ,  ,  ,  ,  ,  ,  ,  ,  ,  ,  ,  ,  ,  ,  ,  ,],
  [  ,  ,  ,  ,  ,  ,  ,  ,  ,  ,  ,  ,  ,  ,  ,  ,  ,  ,  ,  ,  ,  ,  ,  ,  ,40,  ,  ,  , 9,  ,  ,  ,  ,  ,  ,  ,  ,  ,  ,20, 4, 1, 1, 5,  ,  ,  , 2, 1, 1, 1, 1, 3,  ,  ,  ,  ,  ,  , 2, 1, 1, 1, 1, 3,  ,  ,  ,  ,  ,  ,  ,  ,  ,  ,  ,  ,  ,  ,  ,  ,  ,  ,  ,  ,  ,  ,  ,  ,  ,  ,  ,  ,  ,  ,  ,  ,  ,  ,  ,  ,  ,  ,  ,  ,  ,  ,  , 9, 4, 1, 1, 1, 7, 6, 6, 6, 6, 6, 6, 6, 6, 6, 8, 3,  ,  ,  ,  ,  ,  ,  ,  ,  ,  ,  ,  ,  ,  ,  ,  ,],
  [  ,  ,  ,  ,  ,  ,  ,  ,  ,  ,  ,  , 9,  , 4, 1, 1, 5,  ,  ,  ,  ,  ,  , 2, 1, 5,  , 4, 1, 1, 3,  ,  ,  ,  , 9,  , 4, 1, 1, 7, 6, 6, 8, 3,  ,  ,  ,  ,  ,  ,  ,  ,  ,  , 2, 3,  ,  ,  ,  ,  ,  ,  ,  ,  ,  ,  ,40,  ,  ,  ,  ,  ,  ,  ,  ,  ,  ,  ,  ,  ,  ,  ,  ,  ,  ,  ,  ,  ,  ,  ,  ,  ,  ,  ,  ,  ,  ,  ,  ,  ,  ,  ,  ,30, 4, 1, 1, 7, 6, 6, 6, 6,  ,  ,  ,  ,  ,  ,  ,  ,  ,  ,  ,  ,  ,  ,  ,  ,  ,  ,  ,  ,  ,  ,  ,  ,  ,  ,  ,],
  [  ,  ,  ,  ,  ,  ,  ,  ,  ,  ,  , 2, 1, 1, 7, 6, 6, 8, 1, 1, 3,  ,  ,  ,  ,  , 8, 1, 7, 6, 6,  ,  ,  ,  , 2, 1, 1, 7, 6, 6, 6, 6, 6, 6,  ,  ,  ,  ,  ,  ,  ,  , 9,  ,  ,  ,  ,  ,  ,  ,  ,  ,  ,  ,  ,  ,  , 2, 3,  ,  ,  ,  ,  ,  ,  ,  ,  ,  ,  ,  ,  ,  ,  ,  ,  ,  ,  ,  ,  ,  ,  ,  ,  ,  ,  ,  ,  ,  ,  ,  ,  ,  ,  , 4, 1, 7, 6, 6, 6, 6, 6, 6, 6,40, 9,  ,  ,  ,  ,  ,  ,  ,  ,  ,30, 4, 5,  ,  ,  ,  ,  ,  ,  ,  ,  ,  ,  ,  ,  ,],
  [  ,  ,  ,  ,  ,  ,  ,  ,  ,  ,  ,  ,  ,  ,  ,  ,  ,  ,  ,  ,  ,  ,  ,  ,  ,  ,  ,  ,  ,  ,  ,  ,  ,  ,  ,  ,  ,  ,  ,  ,  ,  ,  ,  ,  ,  ,  ,  ,  ,  , 2, 1, 1, 1, 1, 3,  ,  ,  ,  ,  ,  ,  ,  ,  ,  ,  ,  ,  ,  ,  ,  ,  ,  ,  ,  ,  ,  ,  ,  ,  ,  ,  ,  ,  ,  ,  ,  ,  ,  ,  ,  ,  ,  ,  ,  ,  ,  ,  ,  ,  ,  ,  ,  , 4, 7, 6, 6, 6, 6, 6, 6, 6, 6, 6, 1, 1, 5,30, 9,  ,  ,  ,  ,  , 4, 1, 7, 8, 5,  ,  ,  ,  ,  ,  ,  ,  ,  ,  ,  ,  ,],
  [  ,  ,  ,  ,  ,  ,  ,  ,  ,  ,  ,  ,  ,  ,  ,  ,  ,  ,  ,  ,  ,  ,  , 2, 5,  ,  ,  ,  ,  ,  ,  ,  ,  ,  ,  ,  ,  ,  ,  ,  ,  ,  ,  ,  ,  ,  ,  ,  ,  ,  ,  ,  ,  ,  ,  ,  ,  ,  ,  ,  ,  ,  ,  ,  ,  ,  ,  ,  ,  ,  ,  ,  ,  ,  ,  ,  ,  ,  ,  ,  ,  ,  ,  ,  ,  ,  ,  ,  ,  ,  ,  ,  ,  ,  ,  ,  ,  ,  ,  ,  ,  ,  ,  , 7, 6, 6, 6, 6, 6, 6, 6, 6, 6, 6, 6, 6, 8, 1, 1, 5,  ,30,  , 4, 7, 6, 6, 6, 8, 1, 5,  ,  ,  ,  ,  ,  ,  ,  ,  ,  ,],
  [13,  ,  ,  ,  ,  ,  ,  ,40,  ,  ,  ,  ,  ,  ,  ,  ,  ,  ,  ,  ,  ,  ,  , 8, 3,  ,  ,  ,  ,  ,  ,  ,  ,  ,  ,  ,20,  ,  ,  ,  ,  ,  , 2, 1, 1, 1, 5,  ,  ,  ,  ,  ,  ,  ,  ,  ,  ,  ,  ,  ,  ,  ,  ,  ,  ,  ,  ,  ,  ,  ,  ,  ,  ,  ,  ,  ,  ,  ,  ,  ,  ,  ,  ,  ,  ,  ,  ,  ,  ,  ,  ,  ,  ,  ,  ,  ,  ,  ,  ,  ,  , 4, 7, 6, 6, 6, 6, 6, 6, 6, 6, 6, 6, 6, 6, 6, 6, 6, 8, 1, 1, 1, 7, 6, 6, 6, 6, 6, 6, 8,  ,  ,  ,  ,  ,  ,  ,  ,  ,15,],
  [12,  ,  ,  ,  ,  ,  , 2, 3,  ,  ,20,  ,  ,  ,  ,  ,  ,  ,  ,  , 9,  ,  ,  ,  ,  ,  ,  ,  ,  ,  ,  ,  ,  ,  , 2, 3,  ,  ,  ,  ,  ,  ,  , 6, 6, 6, 8, 1, 1, 3,  ,  ,  ,  ,  ,  ,  ,  ,  ,  ,  ,  , 9,  ,20,  ,  ,  ,  ,  ,  ,  ,  ,  ,  ,  ,  ,  ,  ,  ,  ,  ,  ,  ,  ,  ,  ,  ,  ,  ,  ,  ,  ,  ,  ,  ,  ,  ,  , 9, 4, 7, 6, 6, 6, 6, 6, 6, 6, 6, 6, 6, 6, 6, 6, 6, 6, 6, 6, 6, 6, 6, 6, 6, 6, 6, 6, 6, 6, 8, 5,30,  ,  ,  ,  ,  ,  ,  ,14,],
  [12,  ,  ,  ,  ,  ,  ,  ,  ,  , 2, 1, 3,  ,  ,  ,  ,  ,  ,  ,  , 2, 3,  ,  ,  , 2, 1, 1, 1, 3,  ,  ,  ,  ,  ,  ,  ,  ,  ,  ,  ,  ,  ,  ,  ,  ,  ,  ,  ,  ,  ,  ,  ,20,  , 9,  ,  ,  ,  ,  , 2, 1, 1, 1, 3,  ,  ,  ,  ,  ,  ,  ,  ,  ,  ,  ,  ,  ,  ,  ,  ,  ,  ,  ,  ,  ,  ,  ,  ,  ,  ,  ,  ,  ,  , 9,  ,  , 4, 1, 7, 6, 6, 6, 6, 6, 6, 6, 6, 6, 6, 6, 6, 6, 6, 6, 6, 6, 6, 6, 6, 6, 6, 6, 6, 6, 6, 6, 6, 6, 8, 1, 5,  ,  ,  ,  ,  ,  ,14,],
  [12,  ,  ,  ,  ,  ,  ,  ,  ,  ,  ,  ,  ,  ,  ,  , 9,  ,  ,  ,  ,  ,  ,  ,  ,  ,  ,  ,  ,  ,  ,  ,  , 4, 1, 5,  ,  ,  ,  ,  ,  ,  ,  ,  ,  ,  ,  ,  , 9,  ,  , 4, 1, 1, 1, 1, 5,  ,  ,  ,  ,  ,  ,  ,  ,  ,  ,  ,  ,  ,  ,  ,  ,  ,  ,  ,  ,  ,  ,  ,  ,  ,  ,  ,  ,  ,  ,  ,  ,  ,  ,  ,  ,  ,  , 4, 1, 5, 4, 7, 6, 6, 6, 6, 6, 6, 6, 6, 6, 6, 6, 6, 6, 6, 6, 6, 6, 6, 6, 6, 6, 6, 6, 6, 6, 6, 6, 6, 6, 6, 6, 6, 6, 8, 9,  ,  ,  ,  ,  ,14,],
  [12,  ,20,  ,  , 9,  ,  ,  , 9,  ,  ,  ,  , 4, 1, 1, 1, 1, 5,  ,  ,  ,  , 9,  ,  ,  ,  ,  , 9,  , 4, 7, 6, 8, 1, 1, 1, 5,  , 4, 1, 1, 1, 1, 1, 1, 1, 1, 1, 1, 7, 6, 6, 6, 6, 8, 5,  ,40,  , 9,  ,  , 9,  ,20,  , 9,  , 4, 1, 1, 1, 1, 1, 1, 1, 1, 1, 5,  ,  ,  ,40,  , 9,  ,  ,30,  ,  , 9, 4, 1, 7, 6, 8, 7, 6, 6, 6, 6, 6, 6, 6, 6, 6, 6, 6, 6, 6, 6, 6, 6, 6, 6, 6, 6, 6, 6, 6, 6, 6, 6, 6, 6, 6, 6, 6, 6, 6, 6, 8, 1, 5,  ,30, 9,40,14,],
  [ 2, 1, 1, 1, 1, 1, 1, 1, 1, 1, 1, 1, 1, 1, 7, 6, 6, 6, 6, 8, 1, 1, 1, 1, 1, 1, 1, 1, 1, 1, 1, 1, 7, 6, 6, 6, 6, 6, 6, 8, 1, 7, 6, 6, 6, 6, 6, 6, 6, 6, 6, 6, 6, 6, 6, 6, 6, 6, 8, 1, 1, 1, 1, 1, 1, 1, 1, 1, 1, 1, 1, 7, 6, 6, 6, 6, 6, 6, 6, 6, 6, 8, 1, 1, 1, 1, 1, 1, 1, 1, 1, 1, 1, 1, 7, 6, 6, 6, 6, 6, 6, 6, 6, 6, 6, 6, 6, 6, 6, 6, 6, 6, 6, 6, 6, 6, 6, 6, 6, 6, 6, 6, 6, 6, 6, 6, 6, 6, 6, 6, 6, 6, 6, 6, 6, 6, 8, 1, 1, 1, 1, 1,]
]
